3.478793982645745242e+00 3.444712932095646885e+00
3.478763441767365183e+00 3.445079658179034610e+00
3.478624993429567436e+00 3.445327014216602812e+00
3.478566516976700385e+00 3.445598699120349551e+00
3.478406522165809811e+00 3.445998600320557603e+00
3.478301193125039603e+00 3.446539463625852839e+00
3.478170657215083228e+00 3.446764742706190265e+00
3.478107983702907191e+00 3.446936679347619048e+00
3.478125014506635804e+00 3.447000549648568501e+00
3.478166004055061045e+00 3.446165784258946818e+00
3.478452093068793882e+00 3.444736902454728966e+00
3.478519754383059936e+00 3.444332188162986252e+00
3.478558433290722451e+00 3.444100276910156300e+00
3.478583101392326071e+00 3.443953151994389561e+00
3.478600590878581311e+00 3.443848581519874053e+00
3.478612328496543338e+00 3.443778707062667088e+00
3.478620314873689168e+00 3.443724481426091000e+00
3.478625053984626181e+00 3.443697442901022754e+00
3.478627790468056258e+00 3.443682275717329766e+00
3.478629312527615536e+00 3.443674254359826659e+00
3.478630128323874970e+00 3.443670263633213047e+00
3.478630555397178803e+00 3.443668397840489614e+00
3.478630777647297556e+00 3.443667510747994598e+00
3.478630901747304272e+00 3.443667031396342004e+00
3.478630979022050429e+00 3.443666678690943783e+00
3.478631033677420881e+00 3.443666354909920901e+00
3.478631076874994399e+00 3.443666053580447084e+00
3.478631060712884082e+00 3.443665610974330882e+00
3.478631138518542443e+00 3.443665586961704328e+00
3.478631162942955157e+00 3.443665489685342251e+00
3.478631184997325487e+00 3.443665510962107490e+00
3.478631208731348678e+00 3.443665675496096146e+00
3.478631236787600667e+00 3.443665996690090214e+00
3.478631273706239035e+00 3.443666494099436370e+00
3.478631265854133847e+00 3.443666979436421194e+00
3.478631379654803180e+00 3.443668047973736712e+00
3.478631455519975546e+00 3.443669142459571564e+00
3.478631565141822701e+00 3.443670531718407979e+00
3.478631669552585848e+00 3.443672091686911685e+00
3.478631810118099743e+00 3.443673999212526926e+00
3.478631977014768228e+00 3.443676253894840222e+00
3.478632170698738868e+00 3.443678907401451550e+00
3.478632660685155198e+00 3.443682984249638146e+00
3.478635568638477782e+00 3.443696142250528780e+00
3.478635689432489908e+00 3.443700029648759653e+00
3.478629646207435755e+00 3.443682918625134981e+00
3.478630445156133177e+00 3.443691247582869153e+00
3.478631532424599548e+00 3.443705591599781179e+00
3.478637284033229360e+00 3.443765002010476195e+00
3.478643128400558560e+00 3.443808783959720454e+00
3.478639047248413885e+00 3.443806138254825733e+00
3.478646345480332691e+00 3.443840398895053223e+00
3.478647128285102141e+00 3.443851925715744056e+00
3.478647424625260776e+00 3.443860908625128392e+00
3.478647303884111253e+00 3.443867519142204792e+00
3.478646804022200278e+00 3.443872373134987619e+00
3.478645797840616449e+00 3.443875007465529769e+00
3.478644628990529952e+00 3.443876160988801782e+00
3.478642645837815905e+00 3.443873494606252361e+00
3.478640564840754568e+00 3.443869328227950888e+00
3.478638143996804821e+00 3.443862559599766726e+00
3.478635379910547165e+00 3.443852742493319852e+00
3.478632454415914399e+00 3.443839780481896540e+00
3.478629445225895456e+00 3.443823112245920637e+00
3.478626383603901751e+00 3.443801723889479138e+00
3.478623536133872207e+00 3.443774979673545733e+00
3.478620847259305648e+00 3.443740357261988905e+00
3.478618523003803809e+00 3.443693017506039844e+00
3.478617203494656085e+00 3.443631104476593485e+00
3.478617560715512536e+00 3.443547718220913989e+00
3.478621439660073200e+00 3.443441386518256486e+00
3.478629252927673665e+00 3.443300476980283964e+00
3.478644054290920273e+00 3.443109459292429175e+00
3.478669245313767533e+00 3.442861639149949138e+00
3.478710749083033349e+00 3.442515235371716553e+00
3.478774214182381197e+00 3.442039730309481627e+00
3.478865014981869841e+00 3.441405009400421378e+00
3.478994880697731329e+00 3.440527860514316139e+00
3.479171334389948633e+00 3.439390911689125474e+00
3.479424581134638483e+00 3.437918383746817685e+00
3.479734312687933873e+00 3.436035294745288127e+00
3.480139943161175253e+00 3.433604143745725423e+00
3.480674327275356639e+00 3.430612375424066052e+00
3.481268429273983500e+00 3.426966556256418439e+00
3.482025493585096942e+00 3.422737916862651719e+00
3.482897485392054460e+00 3.417392774833823310e+00
3.483980608172707605e+00 3.410719502466279973e+00
3.485494688658929974e+00 3.400882729395506843e+00
3.487499889106699502e+00 3.388452413836251065e+00
3.490019600116532672e+00 3.371484104225650480e+00
3.493470558980404927e+00 3.348389614868970465e+00
3.497585108899014195e+00 3.318444312554020392e+00
3.502315539318558990e+00 3.283298083933972045e+00
3.507337634847706109e+00 3.243337794430673160e+00
3.512500452933093875e+00 3.199737662403832505e+00
3.517603881634856489e+00 3.154991092459101587e+00
3.523036710635548019e+00 3.105426973649469957e+00
3.528441810216853991e+00 3.054579952354648853e+00
3.533619360132038256e+00 3.004470895933601060e+00
3.538349978063323409e+00 2.958463634648053286e+00
3.543301726644921601e+00 2.909305204493952690e+00
3.547956829887411789e+00 2.863104713819874192e+00
3.552418969758385447e+00 2.819133376763509169e+00
3.556756245358072555e+00 2.775652287860856049e+00
3.560685405714838492e+00 2.736763664339213697e+00
3.564151151305676279e+00 2.702144839235105955e+00
3.567773104994182098e+00 2.665852228633847076e+00
3.570682007326636320e+00 2.636476108565553034e+00
3.573185972157276513e+00 2.611221854973025280e+00
3.575380926392530245e+00 2.588584736316212886e+00
3.579473900550294907e+00 2.546350123787699093e+00
3.595051864875479897e+00 2.386329903328246349e+00
3.623206556799765554e+00 2.097608713390489932e+00
3.658890534143194095e+00 1.706750651033025257e+00
3.630798218566600788e+00 1.989383942012726170e+00
3.622371143288956041e+00 2.091494994479294878e+00
3.623420255576169424e+00 2.080981992384415502e+00
3.623447095093316417e+00 2.080710375937943279e+00
3.623463916000989382e+00 2.080540702346893589e+00
3.623506363457261070e+00 2.080116873130609445e+00
3.623610182052751760e+00 2.079030739547187423e+00
3.623699037520943467e+00 2.078127255523978700e+00
3.623787588371726098e+00 2.077211271024254291e+00
3.623918490763327505e+00 2.076205784194325776e+00
3.624061554555050968e+00 2.074904022327825892e+00
3.624226341375416105e+00 2.073152422899311009e+00
3.624392254729309482e+00 2.071387597061497665e+00
3.624607736088461429e+00 2.069086064873193020e+00
3.624831644294679744e+00 2.066982986811960465e+00
3.625063468044312565e+00 2.064600933599490151e+00
3.625398584231133814e+00 2.061905077342203629e+00
3.625676001379215752e+00 2.059031902386752932e+00
3.626484749890029224e+00 2.051136227374789733e+00
3.631768940317467553e+00 1.994236988912466924e+00
3.648524461291012599e+00 1.813097605102823806e+00
3.639114217770192727e+00 1.918252694977611528e+00
3.639074793788312334e+00 1.919573260043889729e+00
3.639084513727206094e+00 1.919539102965872157e+00
3.639096691890812529e+00 1.919462020671297786e+00
3.639169335691947893e+00 1.918870399441935826e+00
3.639252030058176324e+00 1.918123512916702689e+00
3.639328418905401374e+00 1.917410111310691168e+00
3.639403510322182012e+00 1.916702789463025525e+00
3.639497084205171262e+00 1.915834646917474293e+00
3.639595624998614554e+00 1.914947070963983311e+00
3.639710186266092329e+00 1.913962276919358052e+00
3.639814134251257549e+00 1.913121756146633379e+00
3.639945875928573660e+00 1.912076358989292846e+00
3.640915159026280268e+00 1.903443205284187423e+00
3.649124274920340749e+00 1.819279933308714625e+00
3.655638361530475056e+00 1.750599755209691022e+00
3.652912060882881562e+00 1.782321000914995457e+00
3.652862676063379332e+00 1.782990252558295019e+00
3.652845740270048491e+00 1.783236767419305258e+00
3.652829528393751968e+00 1.783518615870564261e+00
3.652840211362236023e+00 1.783731912744154657e+00
3.652865142936010834e+00 1.783707006465904410e+00
3.652883219494544420e+00 1.783745473566510142e+00
3.652893139816903556e+00 1.783992000848285908e+00
3.652887417357391531e+00 1.784504255056014399e+00
3.652868400023297379e+00 1.787325790919293889e+00
3.657458662768238611e+00 1.747532017487163802e+00
3.662109674970361883e+00 1.692472514270831452e+00
3.658349036114324271e+00 1.731257405052841980e+00
3.658108909407168596e+00 1.733682631344614089e+00
3.657659941737968268e+00 1.739513218088584612e+00
3.656902381171312388e+00 1.751134538630948256e+00
3.661031478424036756e+00 1.719309242727080411e+00
3.661054739458246221e+00 1.705625120749167722e+00
3.658040779309249757e+00 1.737359306570364970e+00
3.657264276609062392e+00 1.752851422883319410e+00
3.663806990318077883e+00 1.685172277008425423e+00
3.664840111992473393e+00 1.674602297437584930e+00
3.664982166001059305e+00 1.673312711621714133e+00
3.665053522835439281e+00 1.672756128697789224e+00
3.665074789272634082e+00 1.672591799880519536e+00
3.665089267494030079e+00 1.672480092989879985e+00
3.665195274964580641e+00 1.671643628407887050e+00
3.666079542556286430e+00 1.662651296405596835e+00
3.665556338178657558e+00 1.666584745509050780e+00
3.663295778191156593e+00 1.690044507033719556e+00
3.664494356976089051e+00 1.684956856345688925e+00
3.666066818670957073e+00 1.676255520674531319e+00
3.667341489609394323e+00 1.670010913573421796e+00
3.668291603704411763e+00 1.666271783133275841e+00
3.668753041584956076e+00 1.666507102649557925e+00
3.668369947558923094e+00 1.674905173475010223e+00
3.665948449779037333e+00 1.702178485856784329e+00
3.660398192423203412e+00 1.758375014452026930e+00
3.650283321434482531e+00 1.859021832127037754e+00
3.644831423604629084e+00 1.915743224662322719e+00
3.648659802911882188e+00 1.880803266700013632e+00
3.644953615741998831e+00 1.923531142291607710e+00
3.642583862542225326e+00 1.951490534855416570e+00
