3.641690636325151775e+00 5.398594756792129273e-02
3.641691881862879399e+00 5.399083257097363198e-02
3.641691868560382517e+00 5.399077958609192762e-02
3.641691867273414651e+00 5.399077501158134479e-02
3.641691868336282667e+00 5.399077828464654560e-02
3.641691873983317951e+00 5.399078147416893486e-02
3.641691866772339470e+00 5.399044367263843708e-02
3.641691774466715437e+00 5.398811623344777072e-02
3.641691215308374030e+00 5.397375542426077755e-02
3.641687754627356721e+00 5.388485716566071559e-02
3.641666331986204597e+00 5.333497501360886378e-02
3.641534280647135358e+00 4.995295406128420074e-02
3.640736519881657696e+00 2.982504788242531374e-02
3.636538235835287569e+00 -7.081501128096162612e-02
3.629943698443335531e+00 -3.094253834981548490e-01
3.659037743975918744e+00 -3.377716215855348647e-01
3.735083195833942327e+00 -8.311056598263019679e-02
3.748897294541146064e+00 -1.529162391251701059e-01
3.750866040645645771e+00 -1.358491070441352477e-01
3.753692827019290856e+00 -1.024556615134555315e-01
3.756683619270855701e+00 -6.326174976239870573e-02
3.759253759029363540e+00 -2.303988004425218047e-02
3.761240719813496725e+00 1.751719729140463477e-02
3.762471269212866343e+00 5.711856696943503481e-02
3.762724034841086862e+00 9.346861203710862820e-02
3.762341049933625836e+00 1.208514451337050627e-01
3.762130271922722091e+00 1.394330366626384266e-01
3.761875590674428782e+00 1.559823391791336222e-01
3.761541505799533169e+00 1.712406692851093370e-01
3.761128880938309660e+00 1.852101554053273702e-01
3.760894095907530765e+00 1.916979434061154008e-01
