3.642338200989389652e+00 1.954450924342116425e+00
3.639609811336826262e+00 1.986325274952942754e+00
3.637190485318408939e+00 2.013609158015301048e+00
3.633487222641080816e+00 2.052764656657229292e+00
3.625743370096656371e+00 2.130080705829286103e+00
3.600300225849839553e+00 2.379047512889857163e+00
3.575808389247755237e+00 2.622732885061031638e+00
3.563201317138973145e+00 2.748003933526998122e+00
3.556739435737159560e+00 2.811588441761061929e+00
3.551834055864700801e+00 2.859889263871602250e+00
3.547879392677004695e+00 2.898484584629904326e+00
3.544679354364622892e+00 2.929931474738537212e+00
3.541991196667982233e+00 2.956097221687901566e+00
3.539652130795316598e+00 2.978668819696217884e+00
3.537546278396485278e+00 2.999134714908365140e+00
3.535584978413623514e+00 3.017836033391477102e+00
3.533797955111050104e+00 3.034989551022201137e+00
3.532144039042914407e+00 3.050501820316662283e+00
3.530644656183338892e+00 3.064696482811008593e+00
3.529248223294111586e+00 3.077643676151301744e+00
3.527958756393710704e+00 3.089598841214225455e+00
3.526569954208468083e+00 3.102226068174386953e+00
3.525517195707830176e+00 3.111703364549476269e+00
3.524341263491849396e+00 3.122389707843426176e+00
3.523202978781359906e+00 3.132383138976251757e+00
3.522173935094082164e+00 3.141646076931821518e+00
3.521340419621916240e+00 3.148992174969365010e+00
3.520386662130785105e+00 3.157549065363816077e+00
3.519577513521265022e+00 3.164953726995088257e+00
3.518735013802278822e+00 3.172479165729772177e+00
3.518012049669442476e+00 3.179555348438602547e+00
3.517436624816488777e+00 3.184836823165126951e+00
3.516800930896776478e+00 3.191333080400745814e+00
3.516257564999262897e+00 3.197509523281885535e+00
3.515799283693329613e+00 3.203249529205139279e+00
3.515498555903903366e+00 3.208678217178500880e+00
3.515320034860434095e+00 3.213771505240054616e+00
3.515417620033050028e+00 3.217699364884083479e+00
3.515626495607700797e+00 3.223018399481005325e+00
3.516292756978887102e+00 3.227316251441087580e+00
3.517455093502203312e+00 3.230712801642622090e+00
3.519379442385875301e+00 3.234542507226231933e+00
3.522474289599465624e+00 3.238471590864669292e+00
3.528030451833310988e+00 3.241232637275673678e+00
3.539048384761392718e+00 3.241663643137470352e+00
3.561525863938114433e+00 3.238953239205955459e+00
3.563765891586744505e+00 3.238583862705408212e+00
