3.760846821686163466e+00 1.929677734000740386e-01
3.760591826435937701e+00 1.992109005030103519e-01
3.760056177231341668e+00 2.107609252709820857e-01
3.759494232056649121e+00 2.209862995867232227e-01
3.758903247731856023e+00 2.301938384113499381e-01
3.757664246652717033e+00 2.461113209011960845e-01
3.748097025986025788e+00 3.072193533780018804e-01
3.725067457199736420e+00 3.255728643734006056e-01
3.702848187843164052e+00 3.362189282700188131e-01
3.693214722836954511e+00 3.857249049774039706e-01
3.689202595397135021e+00 4.437624826308947390e-01
3.687260685361328783e+00 4.983988408641905621e-01
3.686050876026219836e+00 5.481880637008290647e-01
3.685195203523170981e+00 5.935891677857122462e-01
3.684472116608585424e+00 6.353650980943844617e-01
3.683758876767962320e+00 6.740521252417815967e-01
3.683123598026226908e+00 7.102964819866025570e-01
3.682462185160507051e+00 7.441844408188402760e-01
3.681784027163336859e+00 7.766701265098644447e-01
3.681095053739903200e+00 8.074261402012631317e-01
3.680396651489139970e+00 8.367534848325736130e-01
3.679689600798011551e+00 8.648941582135168948e-01
3.678949915881153387e+00 8.917816807111704769e-01
3.678194396972300773e+00 9.178297253006721945e-01
3.677460003276662892e+00 9.430081219733567055e-01
3.676692800810074768e+00 9.672324811751010776e-01
3.675943654906499436e+00 9.905574010027639043e-01
3.675181770368158407e+00 1.013400833207523943e+00
3.674405732015357806e+00 1.035466845246496348e+00
3.673631542049681009e+00 1.056940965015806810e+00
3.672859532970603968e+00 1.077714890011231219e+00
3.672080855712140046e+00 1.097994842169927043e+00
3.671304540812613926e+00 1.117808893609318899e+00
3.670535583041762973e+00 1.137027932657351137e+00
3.669772924606075737e+00 1.155789725369591903e+00
3.668977763691365634e+00 1.174027976049231370e+00
3.668232671755965235e+00 1.191840059960270093e+00
3.667484060076017904e+00 1.209190559301284384e+00
3.666730044701492552e+00 1.226086482482238837e+00
3.665988015858375526e+00 1.242590408102827837e+00
3.665263531765457383e+00 1.258730944398783524e+00
3.664525693037119058e+00 1.274457282519695145e+00
3.663803642536040517e+00 1.289840842981053060e+00
3.663096371360376136e+00 1.304786175094919898e+00
3.662391663759333227e+00 1.319405107591260284e+00
3.661699655880712445e+00 1.333586751082847410e+00
3.661015628849843662e+00 1.347403089988612468e+00
3.660353015245359387e+00 1.360825619234816708e+00
3.659686085002640699e+00 1.373803773513188276e+00
3.659036581430129775e+00 1.386411802832531182e+00
3.658413983245161649e+00 1.398540314454489897e+00
3.657819923800285533e+00 1.410189134822975143e+00
3.657230445869743551e+00 1.421232148863109224e+00
3.656693835009015459e+00 1.431625558325602121e+00
3.656163684308209039e+00 1.441694664511281143e+00
3.655714547594227870e+00 1.450608100497223329e+00
3.655239129182214608e+00 1.459270120050195407e+00
3.654974248058049824e+00 1.464904629504923506e+00
3.654790120344432847e+00 1.468995179934347473e+00
3.654740566865074314e+00 1.470930707059335818e+00
3.654856238651962297e+00 1.470052056863835999e+00
3.655155715578099151e+00 1.466045597943919754e+00
3.655667746174506849e+00 1.458408410291788027e+00
3.656387459404055740e+00 1.447281571046018511e+00
3.657319926509312591e+00 1.433153704101050696e+00
3.658292004006431952e+00 1.417820146642728041e+00
3.657878868159986308e+00 1.426316845936219879e+00
3.657062953293219287e+00 1.441853328490286801e+00
3.656368866087778446e+00 1.454580696747876267e+00
3.655672556897703540e+00 1.466686432645143645e+00
3.655035430174943478e+00 1.478476374683523886e+00
3.654387867417726365e+00 1.489921671832774130e+00
3.653772976565360153e+00 1.501092971797238995e+00
3.653155261821293909e+00 1.512013495348287773e+00
3.652523935423604318e+00 1.522672349943690717e+00
3.651922958620879012e+00 1.533159664782506759e+00
3.651329933059115795e+00 1.543472232472314243e+00
3.650759372832859118e+00 1.553600963472512531e+00
3.650102009754245813e+00 1.564738258571912066e+00
3.649549281414730562e+00 1.574278502189373041e+00
3.648979920160037693e+00 1.583965029627971255e+00
3.648429365862670082e+00 1.593488365282926367e+00
3.647832099697925656e+00 1.602849278186788906e+00
3.647284283338889654e+00 1.612136763313055221e+00
3.646740124104510539e+00 1.621273915214505257e+00
3.646224437893203607e+00 1.630321057365676118e+00
3.645673284079103293e+00 1.639205702781229457e+00
3.645056995210713691e+00 1.649429680671651521e+00
3.644455130412330934e+00 1.658708437404681657e+00
3.643947567484289607e+00 1.667154983217217001e+00
3.643412269796375114e+00 1.676002433453621432e+00
3.642844288900608074e+00 1.685323695059763427e+00
3.642262355958612030e+00 1.694491118117830153e+00
3.641773565054480244e+00 1.702406042484768234e+00
3.641169906975641801e+00 1.711954744214507773e+00
3.640627348366871630e+00 1.720399180995791255e+00
3.640154856024418351e+00 1.728164142535518977e+00
3.639612787936638227e+00 1.736283343643630461e+00
3.639077527600716788e+00 1.744714795364162629e+00
3.638539634857205218e+00 1.753153959597129052e+00
3.637996994506665249e+00 1.761490427112960111e+00
3.637459889670820790e+00 1.769630127668234687e+00
3.636907600558984655e+00 1.777824676971112572e+00
3.636389769700362873e+00 1.786203086686944941e+00
3.635883347150926870e+00 1.794116595978799023e+00
3.635347812240166565e+00 1.802047285811142263e+00
3.634841528527980259e+00 1.809791322240693612e+00
3.634353011896357177e+00 1.817340130892593386e+00
3.633917735274485139e+00 1.823730086496876179e+00
3.633391926626653223e+00 1.831586847953849739e+00
3.632893992600089828e+00 1.839048424999488285e+00
3.632438888015862677e+00 1.845593942928292597e+00
3.631930919660637969e+00 1.853577623094220916e+00
3.631449694106229309e+00 1.860745097862178898e+00
3.630996524158569549e+00 1.867117936573035930e+00
3.630479606517476920e+00 1.874261838146820347e+00
3.630030381994468147e+00 1.880979668188717202e+00
3.629559087887763713e+00 1.888033048036949824e+00
3.629071904564631357e+00 1.895127400587962585e+00
3.628593611522326956e+00 1.902014049356733238e+00
3.628127562513472348e+00 1.908763915273739009e+00
3.627627096958934150e+00 1.915631428085549093e+00
3.627180493108057124e+00 1.922252974425383787e+00
3.626702227232377673e+00 1.929027726956065836e+00
3.626250463361995635e+00 1.935555847054046152e+00
3.625779429822094446e+00 1.942352592295346847e+00
3.625278564825910710e+00 1.949220393915151117e+00
3.624805951772158696e+00 1.955609900640570054e+00
3.624368130180823044e+00 1.962020517554143639e+00
3.623919172756910889e+00 1.968349282885042850e+00
3.623517133290149239e+00 1.973915921777010585e+00
3.623098614235374715e+00 1.979805624591024937e+00
3.622620784154042539e+00 1.986012117256625187e+00
3.622152898161366874e+00 1.992458162303870406e+00
3.621693758708193656e+00 1.998922870318702971e+00
3.621323856820057863e+00 2.004182879517804938e+00
3.620895673257681135e+00 2.009841591785586079e+00
3.620417153955514777e+00 2.016332864081531451e+00
3.619994052275838037e+00 2.022227130170615172e+00
3.619540123929249731e+00 2.028407018930211692e+00
3.619102741054124550e+00 2.034266224251259469e+00
3.618763630320354530e+00 2.038808068132784257e+00
3.618339811506698922e+00 2.044596257308294529e+00
3.617917895606049594e+00 2.050366625361391915e+00
3.617479935352429621e+00 2.056163590001742314e+00
3.617018396489012133e+00 2.062109840352584822e+00
3.616598537424945636e+00 2.067897641071587689e+00
3.616204278882362733e+00 2.073225994161328689e+00
3.615780632243127624e+00 2.078785690357400906e+00
3.615378434581679290e+00 2.084266513264148912e+00
3.614974533799929723e+00 2.089722757480825255e+00
3.614565360616756262e+00 2.095139470629438616e+00
3.614152984476775465e+00 2.100313353814030837e+00
3.613754670394780266e+00 2.105676183220411612e+00
3.613314517409174531e+00 2.111343312670795225e+00
3.612902020058166297e+00 2.116584134131337613e+00
3.612501691679406157e+00 2.121949014778284681e+00
3.612203687908143390e+00 2.125936021229331896e+00
3.611795358275745826e+00 2.131095747100093529e+00
3.611396728944590961e+00 2.136287787030788810e+00
3.611011421281582479e+00 2.141318883976997434e+00
3.610616808106272835e+00 2.146529654989286495e+00
3.610235038658182294e+00 2.151463629198316241e+00
3.609849630518605856e+00 2.156434739421857483e+00
3.609461798446880643e+00 2.161340201250514070e+00
3.609078094479189591e+00 2.166282765881128114e+00
3.608673493199008320e+00 2.171374868090510724e+00
3.608309652391802125e+00 2.176238777078818298e+00
3.607917128507093452e+00 2.181209994723832146e+00
3.607556723929401077e+00 2.185864184125997145e+00
3.607183592372996905e+00 2.190641933836759314e+00
3.606791550639862454e+00 2.195541338246264296e+00
3.606411264517885851e+00 2.200458412322070512e+00
3.606068066206102873e+00 2.204956778301605969e+00
3.605699887243336121e+00 2.209476745846220780e+00
3.605342036166384823e+00 2.214013223732523183e+00
3.604975571828903380e+00 2.218569155376262536e+00
3.604629895779487114e+00 2.223190318684036271e+00
3.604251024531463621e+00 2.227912636830394089e+00
3.603849602205321023e+00 2.232926377194299761e+00
3.603482504816798215e+00 2.237389219922436556e+00
3.603187642257509982e+00 2.241197455409668304e+00
3.602826341835599688e+00 2.245619107588276542e+00
3.602424403579529866e+00 2.250713545898686885e+00
3.602068520025596854e+00 2.255271025248505534e+00
3.601709338430748364e+00 2.259629379210870592e+00
3.601372123224169552e+00 2.263974760564206878e+00
3.601100684420627918e+00 2.267496210828008341e+00
3.600748350041599544e+00 2.271781519639937574e+00
3.600405329547565092e+00 2.276033817485660915e+00
3.600079797251832137e+00 2.279994426896682747e+00
3.599723952063901944e+00 2.284539403936396873e+00
3.599420995932022471e+00 2.288420899227954664e+00
3.599077314149587092e+00 2.292607056399191379e+00
3.598740310629906514e+00 2.296771486680020402e+00
3.598337921689264807e+00 2.301867051089367067e+00
3.597997189460393042e+00 2.305981937853658348e+00
3.597661980268339388e+00 2.310076319374430476e+00
3.597325830543359970e+00 2.314260150389081616e+00
3.597016418114846736e+00 2.318139674779734261e+00
3.596713821235912878e+00 2.322000869751476682e+00
3.596391168734170751e+00 2.325824840411333305e+00
3.596057275504887407e+00 2.330004059631047397e+00
3.595759259334187607e+00 2.333771420685931464e+00
3.595442395822624260e+00 2.337703224421136206e+00
3.595121033793936327e+00 2.341621060687409273e+00
3.594819783320515771e+00 2.345276147452747040e+00
3.594484476155951569e+00 2.349392298425251990e+00
3.594193477516060664e+00 2.353105746507742069e+00
3.593875305321263092e+00 2.356960546033783022e+00
3.593575851640922636e+00 2.360752857105505864e+00
3.593243539824814814e+00 2.364682302344003340e+00
3.592942970446505235e+00 2.368303005726011268e+00
3.592650257883114762e+00 2.371974457693828864e+00
3.592342019873695502e+00 2.375721115992712296e+00
3.592029800129969530e+00 2.379651357290856417e+00
3.591728619364298769e+00 2.383333905459275925e+00
3.591395938677054200e+00 2.387195368838393339e+00
3.591124929118883369e+00 2.390522749517212553e+00
3.590830427787532475e+00 2.394306810268330032e+00
3.590502055843331597e+00 2.398309879170918979e+00
3.590214902042338174e+00 2.401704245439623353e+00
3.589941934249651911e+00 2.405127310492973347e+00
3.589632940031347808e+00 2.408869634539084981e+00
3.589317026985114900e+00 2.412716900313957247e+00
3.589020059816390162e+00 2.416081903680188603e+00
3.588743720121841285e+00 2.419429444771269200e+00
3.588485540506907601e+00 2.422756829768169862e+00
3.588197622193380010e+00 2.426116272029332777e+00
3.587907781958833198e+00 2.429603613647433047e+00
3.587632883833703712e+00 2.433042562894245808e+00
3.587352529182473493e+00 2.436391280839657725e+00
3.587071853954765910e+00 2.439885245396676172e+00
3.586804060457943866e+00 2.443178289476512610e+00
3.586498843596105157e+00 2.446488694030847899e+00
3.586225906991311607e+00 2.449895589132572660e+00
3.585954390044791218e+00 2.453264572176826253e+00
3.585655831373268043e+00 2.456847233700149236e+00
3.585317335076501077e+00 2.460772484400724824e+00
3.585042706283651182e+00 2.464036463769443852e+00
3.584782145345041027e+00 2.467166706838102463e+00
3.584531440669116442e+00 2.470308156858807003e+00
3.584254904837032907e+00 2.473425998591927133e+00
3.583989769303405737e+00 2.476680070331216843e+00
3.583723041523913189e+00 2.479840999376928146e+00
3.583442256454854924e+00 2.483249434661831678e+00
3.583182924314757933e+00 2.486297688541179163e+00
3.582887006960258525e+00 2.489618351121958284e+00
3.582628528167147053e+00 2.492773768008205160e+00
3.582356272658206109e+00 2.496096765983934151e+00
3.582072149645826098e+00 2.499419843764184801e+00
3.581819401763106647e+00 2.502530367253212429e+00
3.581574099412993650e+00 2.505450756204737228e+00
3.581298445093441529e+00 2.508556871222270335e+00
3.581060041496885393e+00 2.511458362345699857e+00
3.580780927074435738e+00 2.514712939876167397e+00
3.580545935294571880e+00 2.517576318497167343e+00
3.580297575868210735e+00 2.520495397142460625e+00
3.580052240255847895e+00 2.523458051966944282e+00
3.579798774477586321e+00 2.526423496722389306e+00
3.579533538906462642e+00 2.529399006059485089e+00
3.579277474214264121e+00 2.532405989019651749e+00
3.579001393916990459e+00 2.535621865017303467e+00
3.578790676177277419e+00 2.538320009418323142e+00
3.578517606851454147e+00 2.541299842553512711e+00
3.578276658097825802e+00 2.544194449603747632e+00
3.578030101142759545e+00 2.547132020433089838e+00
3.577787320284325556e+00 2.550019659185491783e+00
3.577547324856537259e+00 2.552932736254999835e+00
3.577270482840594568e+00 2.556096042810438451e+00
3.576977862629779459e+00 2.559560589756671334e+00
3.576731801177346792e+00 2.562444719069178145e+00
3.576466153508176316e+00 2.565274162616240972e+00
3.576236886984947017e+00 2.568108649200271820e+00
3.575991713318371179e+00 2.570933261185187391e+00
3.575734996188714820e+00 2.573845932667164771e+00
3.575504865321797787e+00 2.576517041595673074e+00
3.575252853088119132e+00 2.579314851631461458e+00
3.575051836431179630e+00 2.581748477519033802e+00
3.574836434998589940e+00 2.584415975882211391e+00
3.574576427058713257e+00 2.587081988684580391e+00
3.574339511163429961e+00 2.589920327343662620e+00
3.574097163460606019e+00 2.592788462421033113e+00
3.573862001780500730e+00 2.595675543510933991e+00
3.573607286192060695e+00 2.598550304554145818e+00
3.573375286384968152e+00 2.601223843799270963e+00
3.573117921959169330e+00 2.603911078095538567e+00
3.572918024412993887e+00 2.606250059977305522e+00
3.572709544666647918e+00 2.608796095744277732e+00
3.572436796707341156e+00 2.611751422810928869e+00
3.572221072880634729e+00 2.614209912364686250e+00
3.572011559329224983e+00 2.616642295838314869e+00
3.571780055820766631e+00 2.619497751456062229e+00
3.571581872723765816e+00 2.621809359785041149e+00
3.571283940427051107e+00 2.625277742512754031e+00
3.571102607856899258e+00 2.627271634224805918e+00
3.570799179324069428e+00 2.630437466605112906e+00
3.570583267339757061e+00 2.633042643918150461e+00
3.570359349725194864e+00 2.635579685412253070e+00
3.570155245690565415e+00 2.637925932690037278e+00
3.569905360914463976e+00 2.640723379416623384e+00
3.569699226286778160e+00 2.643236791422766796e+00
3.569464979828449458e+00 2.645826677838207797e+00
3.569247556493843732e+00 2.648336189546152575e+00
3.569023777895964145e+00 2.650764009240140773e+00
3.568854678976134842e+00 2.652665258737147536e+00
3.568628580167314546e+00 2.655151395159381700e+00
3.568352119264039057e+00 2.658190523666827509e+00
3.568147872958792099e+00 2.660680288482673461e+00
3.567924610092082283e+00 2.663187355941917023e+00
3.567722480395721263e+00 2.665524043200826032e+00
3.567486910504030551e+00 2.668094994411553955e+00
3.567265198868858622e+00 2.670511330974461028e+00
3.567082824677584973e+00 2.672644188672026466e+00
3.566887347949130316e+00 2.674901718073989354e+00
3.566684339676969184e+00 2.677193115194985928e+00
3.566482698856776601e+00 2.679443147385465185e+00
3.566240094730901422e+00 2.682055674979628712e+00
3.566022380959436688e+00 2.684417128713458389e+00
3.565755648623836649e+00 2.687339953333344855e+00
3.565600505749364491e+00 2.689140905856913122e+00
3.565350549670645908e+00 2.692042182189617439e+00
3.565197990204290956e+00 2.693814394302728399e+00
3.564976824116449006e+00 2.696140251491332407e+00
3.564770093501488102e+00 2.698481121737223987e+00
3.564563892475746787e+00 2.700773644028859444e+00
3.564360862029305466e+00 2.703095774128591700e+00
3.564095516139144770e+00 2.705933803670319993e+00
3.563961229536244169e+00 2.707417785523569265e+00
3.563757990967047373e+00 2.709731646286076767e+00
3.563568743356293922e+00 2.712015573042710681e+00
3.563361565703473399e+00 2.714252838134874501e+00
3.563135717818367798e+00 2.716735817701174227e+00
3.562875949513379048e+00 2.719533025682486560e+00
3.562668277835279174e+00 2.721715140880116568e+00
3.562480847082992952e+00 2.723795324294533859e+00
3.562303277747135066e+00 2.725747193537452429e+00
3.562122199580372239e+00 2.727899199403225783e+00
3.561920974780439231e+00 2.730093431373053825e+00
3.561654468592737821e+00 2.733018723200685063e+00
3.561460559639985313e+00 2.735172269692110358e+00
3.561260848580810823e+00 2.737358344375187436e+00
3.561067570109598179e+00 2.739550168393533713e+00
3.560862526334415801e+00 2.741722919331334829e+00
3.560689641970904873e+00 2.743695357026073367e+00
3.560476885969943606e+00 2.746020535693284970e+00
3.560299667497740739e+00 2.747998060101697337e+00
3.560066533980686732e+00 2.750313480244518161e+00
3.559874061645834864e+00 2.752418333768425374e+00
3.559688815225094505e+00 2.754388965410059953e+00
3.559482246044752163e+00 2.756678280616615684e+00
3.559285871150795533e+00 2.758891888340117671e+00
3.559111368623082861e+00 2.760876887944073044e+00
3.558914313727480572e+00 2.762986902137326339e+00
3.558743226151922290e+00 2.764882111010040777e+00
3.558546355623164903e+00 2.766971000882118670e+00
3.558354951213447581e+00 2.769040719322738209e+00
3.558170554215513981e+00 2.770955120981978048e+00
3.558003434293677270e+00 2.772809588459623775e+00
3.557822331243765568e+00 2.774814926092241674e+00
3.557633671948816190e+00 2.777078467227930059e+00
3.557449895907011772e+00 2.779101194464490998e+00
3.557260313884888614e+00 2.781140298920444121e+00
3.557012631574127504e+00 2.783708361656885621e+00
3.556825427153829544e+00 2.785727745352322593e+00
3.556638586808578584e+00 2.787817448767066164e+00
3.556478487408953448e+00 2.789538770297280035e+00
3.556295052553077429e+00 2.791543516674618974e+00
3.556088704601335859e+00 2.793711233930989302e+00
3.555889690673118775e+00 2.795805537242086025e+00
3.555716709687537946e+00 2.797649492303681651e+00
3.555514066326100675e+00 2.799753509877063173e+00
3.555336160927838662e+00 2.801702894859119830e+00
3.555228072712961485e+00 2.803071679650438686e+00
3.555002786776782386e+00 2.805531084807870279e+00
3.554815075696871496e+00 2.807465082433120429e+00
3.554631183821937768e+00 2.809421627995836612e+00
3.554450917728842807e+00 2.811339343103358424e+00
3.554271296648571443e+00 2.813331437043210315e+00
3.554093825555625585e+00 2.815256834949399600e+00
3.553928309058918433e+00 2.817072667112752171e+00
3.553768703199311041e+00 2.818638481961493802e+00
3.553597688232581930e+00 2.820442067737797931e+00
3.553418966175307503e+00 2.822351383489908105e+00
3.553255728102749256e+00 2.824142426890444035e+00
3.553082268576069236e+00 2.825980649899731301e+00
3.552899577985805024e+00 2.827862347325285519e+00
3.552735016364398479e+00 2.829734872153784053e+00
3.552545272434602275e+00 2.831805094801029377e+00
3.552328821723444996e+00 2.834183959028881983e+00
3.552219177502664582e+00 2.835289898170603617e+00
3.552044311096225204e+00 2.837155277980889956e+00
3.551868200090530614e+00 2.839003373107736206e+00
3.551698966562753856e+00 2.840845339716846052e+00
3.551533051942568520e+00 2.842651518067897953e+00
3.551334553823849216e+00 2.844694015389971575e+00
3.551120675967407880e+00 2.847034236373293670e+00
3.550945951861431027e+00 2.848930225949076522e+00
3.550777032073615835e+00 2.850656347749627617e+00
3.550601606442020941e+00 2.852451553514583349e+00
3.550434773085381579e+00 2.854249919222297205e+00
3.550273389972642413e+00 2.855979542211099176e+00
3.550124401581543854e+00 2.857634761193852402e+00
3.549975905605144089e+00 2.859254245620863610e+00
3.549818373273972760e+00 2.860923162016832499e+00
3.549655125949312762e+00 2.862706678180736652e+00
3.549495777789263506e+00 2.864399724075684439e+00
3.549312585558812572e+00 2.866144556643897889e+00
3.549131279164589259e+00 2.868079712679401094e+00
3.548972239321851685e+00 2.869800788662652202e+00
3.548825176770473711e+00 2.871307973424193971e+00
3.548658207650353447e+00 2.873098136701984107e+00
3.548487508156169756e+00 2.874809371790524093e+00
3.548323751665715342e+00 2.876580227966406778e+00
3.548170745827309069e+00 2.878248249808513126e+00
3.547938288036496690e+00 2.880678857748405708e+00
3.547766068622384417e+00 2.882443855740175920e+00
3.547632781072455721e+00 2.884059377454194717e+00
3.547494794536524054e+00 2.885454465001149771e+00
3.547346354590276363e+00 2.887047286721426520e+00
3.547187823631845927e+00 2.888754124221172948e+00
3.547010300901871194e+00 2.890554187484638771e+00
3.546829131410604852e+00 2.892373609836863757e+00
3.546699555591436237e+00 2.893771727809093974e+00
3.546540668179360534e+00 2.895466848166875717e+00
3.546400963801689787e+00 2.897008406873190722e+00
3.546174394055897849e+00 2.899365065460615121e+00
3.546067727674750536e+00 2.900522985577805191e+00
3.545856260999236120e+00 2.902662181625771609e+00
3.545688331177968777e+00 2.904279454128152693e+00
3.545546541505829374e+00 2.905771547765131135e+00
3.545381871477877755e+00 2.907400807642300578e+00
3.545212530283963659e+00 2.909192730168661090e+00
3.545088334347290981e+00 2.910513808927916113e+00
3.544972718411510737e+00 2.911957297317727456e+00
3.544823669412430434e+00 2.913533791772419335e+00
3.544645291743627080e+00 2.915280766052693373e+00
3.544507142558533275e+00 2.916744627752060115e+00
3.544355955980751371e+00 2.918341502549431254e+00
3.544207409645136142e+00 2.919940809433834605e+00
3.543991988408431215e+00 2.922231831665182966e+00
3.543872770854540111e+00 2.923331138708429311e+00
3.543722083627853792e+00 2.924911377370201127e+00
3.543594419839127152e+00 2.926274727810976639e+00
3.543369830635158202e+00 2.928579387123088740e+00
3.543223057291430056e+00 2.930147432460235457e+00
3.543121980758157097e+00 2.931218861289382804e+00
3.542993727687154593e+00 2.932575504787028553e+00
3.542838206765488884e+00 2.934134302132669347e+00
3.542621522558355274e+00 2.936395902715395856e+00
3.542460453662273245e+00 2.938001367672227193e+00
3.542314741111923571e+00 2.939429831658350256e+00
3.542209201996565859e+00 2.940677284219625598e+00
3.542074284856977062e+00 2.942110132670086031e+00
3.541933217687930568e+00 2.943583134747348673e+00
3.541777205183793686e+00 2.945112973848567961e+00
3.541635805503793311e+00 2.946595535295851498e+00
3.541493587205652993e+00 2.948117642552726014e+00
3.541330007324689610e+00 2.949833965588119611e+00
3.541131890454201070e+00 2.951862582732025952e+00
3.540985493186111999e+00 2.953369794461642162e+00
3.540852054275025917e+00 2.954767153814668923e+00
3.540698069528668057e+00 2.956273802227354697e+00
3.540569880908034595e+00 2.957623021764596682e+00
3.540420523255963570e+00 2.959114920022781092e+00
3.540291324024082975e+00 2.960458940932671812e+00
3.540184446614900171e+00 2.961759261878845972e+00
3.540041011051636044e+00 2.963258837198068374e+00
3.539899309232698243e+00 2.964721303304197253e+00
3.539735371709340939e+00 2.966340051687113011e+00
3.539542812095402002e+00 2.968274014570450703e+00
3.539382727010178087e+00 2.969743916286720520e+00
3.539244926240895595e+00 2.971189359316887213e+00
3.539095854616621573e+00 2.972726261588420460e+00
3.538978410956742149e+00 2.973913984974690283e+00
3.538862865914882860e+00 2.975115173026337878e+00
3.538734761113107474e+00 2.976440026622365398e+00
3.538599336040811671e+00 2.977868908688417804e+00
3.538448877889077693e+00 2.979380522923265051e+00
3.538302279219866175e+00 2.980895232359892510e+00
3.538154719450623542e+00 2.982228814476961087e+00
3.538001489482385686e+00 2.983749368936319701e+00
3.537854216128681450e+00 2.985267680801023893e+00
3.537736940682837616e+00 2.986483476093179767e+00
3.537598023652687385e+00 2.987896547870085850e+00
3.537441136804039044e+00 2.989443738132359751e+00
3.537257548587217748e+00 2.991316477465645995e+00
3.537115450986478393e+00 2.992779705689436742e+00
3.536988701212743003e+00 2.994081129579790002e+00
3.536853687684399450e+00 2.995332981508582293e+00
3.536731410919082830e+00 2.996582719741201384e+00
3.536612222458652699e+00 2.997975471001858239e+00
3.536493718221590754e+00 2.999177723083494396e+00
3.536350065686159727e+00 3.000650725534575791e+00
3.536195272769369069e+00 3.002134692536224669e+00
3.536045794299381484e+00 3.003492066461838750e+00
3.535922540235175049e+00 3.004755817290135411e+00
3.535798580185429252e+00 3.006041958929535518e+00
3.535664816579894065e+00 3.007368257505120823e+00
3.535520212629936321e+00 3.008842919936425275e+00
3.535396554436764482e+00 3.010101400445144293e+00
3.535250485459886516e+00 3.011595409162170611e+00
3.535065258210846384e+00 3.013409537261448445e+00
3.534932411544974951e+00 3.014760972170764664e+00
3.534796028026122805e+00 3.016090506727922893e+00
3.534656976531937111e+00 3.017450258524051243e+00
3.534529780586515901e+00 3.018737943559541392e+00
3.534412728918393753e+00 3.019921332668641600e+00
3.534292551352932854e+00 3.021131989532391149e+00
3.534170633863950695e+00 3.022342555184077018e+00
3.534009032031783626e+00 3.023786989013920845e+00
3.533885444541573939e+00 3.025237373085720272e+00
3.533742635038030766e+00 3.026693937112054922e+00
3.533598290709724310e+00 3.028095772515780659e+00
3.533454321540657084e+00 3.029400019853548454e+00
3.533329612238799822e+00 3.030651385163729117e+00
3.533193249276888714e+00 3.032015878390359909e+00
3.533066750959740876e+00 3.033305334483145987e+00
3.532941718025433886e+00 3.034603665478656787e+00
3.532808719824295007e+00 3.035898066123383643e+00
3.532692474554214090e+00 3.037060336553802919e+00
3.532577160049433118e+00 3.038201524288721700e+00
3.532448309718153379e+00 3.039487863737362350e+00
3.532292422966429868e+00 3.040922394959935549e+00
3.532195339428251479e+00 3.041911021783051616e+00
3.532076230771309611e+00 3.043093066780487188e+00
3.531954617995068713e+00 3.044288876224860108e+00
3.531825233337750891e+00 3.045514077905554728e+00
3.531683080306262212e+00 3.046943589833426280e+00
3.531510455921091918e+00 3.048651592992919213e+00
3.531375538714708995e+00 3.049982630190315902e+00
3.531257229836737288e+00 3.051136886409409055e+00
3.531130389092904220e+00 3.052380856653620800e+00
3.531016269759678305e+00 3.053493757128626473e+00
3.530904812983452157e+00 3.054755884862552229e+00
3.530785193084909235e+00 3.055848672554617895e+00
3.530680729313789623e+00 3.056917885560974213e+00
3.530547684810280362e+00 3.058163102498766328e+00
3.530429976603714159e+00 3.059327416875377903e+00
3.530239786403998714e+00 3.061191487312945547e+00
3.530107132927599256e+00 3.062353891384413274e+00
3.530011194580939371e+00 3.063325446774567418e+00
3.529885635422623569e+00 3.064556467952785468e+00
3.529773189140178680e+00 3.065679780047668057e+00
3.529643431290036215e+00 3.066992028742856036e+00
3.529518886355290430e+00 3.068207641400675367e+00
3.529393491623083357e+00 3.069301219355752508e+00
3.529278627463242834e+00 3.070404268598382114e+00
3.529137297133344120e+00 3.071773100292383596e+00
3.529022462171844232e+00 3.072779388129700529e+00
3.528879160348999289e+00 3.074167277505482243e+00
3.528759475376211263e+00 3.075357691455725906e+00
3.528594857887932701e+00 3.076990655761597804e+00
3.528469669083850402e+00 3.078185637268850527e+00
3.528412409473851152e+00 3.078737719604544676e+00
3.528273979851077602e+00 3.079931347870698666e+00
3.528147092342628799e+00 3.081111480462435548e+00
3.528045574453643862e+00 3.082310359163884517e+00
3.527923760177702928e+00 3.083461089250925546e+00
3.527781612208485740e+00 3.084854401809297375e+00
3.527669725396321621e+00 3.085987023121485873e+00
3.527504264047833793e+00 3.087593350694810113e+00
3.527412891489301483e+00 3.088324166804429893e+00
3.527310930786240917e+00 3.089292197846423615e+00
3.527190749350166854e+00 3.090466979718919038e+00
3.527060022814936691e+00 3.091691445818864015e+00
3.526944200835224752e+00 3.092782137198138326e+00
3.526825410808643646e+00 3.093926774730550999e+00
3.526680788264163979e+00 3.095259722926854806e+00
3.526522178932090412e+00 3.096815447558253886e+00
3.526393142984979523e+00 3.097926065121499040e+00
3.526274621390572239e+00 3.099082862442889663e+00
3.526169364438984655e+00 3.100062146005550190e+00
3.526065517585385223e+00 3.101076956969570642e+00
3.525947282903059588e+00 3.102208850302986320e+00
3.525823028811353232e+00 3.103356308984663414e+00
3.525690594892922469e+00 3.104611730822296689e+00
3.525553604191594026e+00 3.105717497012771666e+00
3.525440416110160236e+00 3.106831277313683248e+00
3.525333828436994832e+00 3.107830194030544835e+00
3.525228158583122440e+00 3.108844273676519165e+00
3.525127321502444122e+00 3.109970131557520556e+00
3.524997427184966892e+00 3.111185751614425232e+00
3.524881915338577087e+00 3.112288965442940203e+00
3.524752983314306309e+00 3.113511690470631255e+00
3.524621350445122925e+00 3.114611708197359885e+00
3.524529971794704508e+00 3.115480735537254464e+00
3.524424680186345693e+00 3.116472537185864589e+00
3.524269712241734798e+00 3.117761324215204244e+00
3.524104088986570016e+00 3.119308008998321835e+00
3.523999121414181257e+00 3.120317836720312599e+00
3.523885351046484704e+00 3.121261644684233616e+00
3.523787437273955714e+00 3.122228588950577421e+00
3.523642856163716086e+00 3.123608631611842767e+00
3.523559275060760498e+00 3.124411649213683528e+00
3.523442093097437500e+00 3.125497261574688324e+00
3.523313701879544624e+00 3.126702126516209823e+00
3.523201891331523949e+00 3.127771968357178078e+00
3.523104988926144543e+00 3.128722312586267762e+00
3.522989360968731720e+00 3.129683378999162713e+00
3.522866282566820662e+00 3.130831283198120207e+00
3.522769084466193412e+00 3.131693609499227371e+00
3.522593371886911573e+00 3.133363359917397339e+00
3.522476626997987914e+00 3.134380688443011653e+00
3.522391348885648199e+00 3.135171367119427011e+00
3.522282343137300487e+00 3.136393162716182292e+00
3.522184726694045143e+00 3.137308269743566580e+00
3.522087703640926382e+00 3.138189955754487226e+00
3.521918611473473071e+00 3.139771421542373098e+00
3.521785504349240981e+00 3.140880123751052633e+00
3.521669787690668407e+00 3.141942548129122326e+00
3.521559447142906141e+00 3.142982126479368699e+00
3.521457285146734506e+00 3.143928202203762456e+00
3.521345281003921190e+00 3.144963393012242037e+00
3.521220832836724490e+00 3.146104410065146073e+00
3.521104465576021525e+00 3.147128745465471944e+00
3.521015994773730284e+00 3.147926334750108524e+00
3.520909290341347919e+00 3.148738864583354946e+00
3.520774691828783887e+00 3.150009909578848077e+00
3.520687156433329523e+00 3.150883048727017854e+00
3.520577647801891530e+00 3.151915695437319531e+00
3.520452008354837403e+00 3.152829482493025193e+00
3.520348164062466090e+00 3.153794702147926010e+00
3.520244514134449165e+00 3.154760320963105436e+00
3.520118794262302231e+00 3.155933510112058027e+00
3.519985981337351522e+00 3.156941394355891273e+00
3.519827661868464741e+00 3.158430517587129227e+00
3.519728954418993805e+00 3.159334583333927693e+00
3.519618179147950165e+00 3.160356080136208057e+00
3.519522191636634378e+00 3.161223689677655546e+00
3.519424234231080639e+00 3.162108741660694555e+00
3.519332770401017108e+00 3.162937493411352552e+00
3.519229798296557465e+00 3.164052602627036581e+00
3.519068917532968133e+00 3.165460806863968024e+00
3.518965083110269010e+00 3.166450124145486544e+00
3.518921169834825058e+00 3.166857684067677425e+00
3.518769480683327622e+00 3.168022579294335284e+00
3.518617309693953032e+00 3.169417341445917025e+00
3.518507953125179277e+00 3.170456120794604260e+00
3.518410844365616796e+00 3.171349065277111023e+00
3.518305375829746673e+00 3.172212232874820348e+00
3.518183421432039992e+00 3.173332121920313220e+00
3.518069696151953529e+00 3.174289264248389308e+00
3.517935108341091688e+00 3.175358096941741426e+00
3.517836939237875438e+00 3.176227928349990570e+00
3.517716022463353465e+00 3.177303103604379952e+00
3.517624892466944431e+00 3.178157751850613444e+00
3.517525386412739596e+00 3.179013583157514145e+00
3.517433123857906185e+00 3.179845958942090878e+00
3.517341630435308453e+00 3.180640256888282558e+00
3.517174756347664299e+00 3.182113506805129610e+00
3.517115461231229645e+00 3.182673007092347017e+00
3.516941289728172215e+00 3.184087502233689193e+00
3.516814635589891491e+00 3.184953410833329279e+00
3.516723177078626250e+00 3.185660247358592656e+00
3.516629477978087337e+00 3.186514014419563168e+00
3.516520437725579207e+00 3.187475730291605913e+00
3.516419786018170957e+00 3.188355684402873536e+00
3.516299814714928473e+00 3.189390026793392341e+00
3.516196048440780597e+00 3.190329663612747169e+00
3.516056217876719625e+00 3.191745317004465399e+00
3.515965614415137441e+00 3.192466953054201362e+00
3.515886607470811054e+00 3.193188011573522722e+00
3.515774443896348966e+00 3.194024395520726589e+00
3.515654905563406096e+00 3.195100119457261467e+00
3.515501367787025710e+00 3.196483161089834546e+00
3.515442160380699566e+00 3.196968837950078690e+00
3.515363143447701066e+00 3.197715439003939952e+00
3.515196622470460053e+00 3.199223859258331970e+00
3.515092054572419134e+00 3.200190824979546100e+00
3.514990362774630839e+00 3.201036987004019174e+00
3.514881117029393209e+00 3.201825358573532121e+00
3.514793636767571616e+00 3.202619292186407396e+00
3.514697607650355327e+00 3.203375821194287543e+00
3.514594581112823413e+00 3.204257287362604512e+00
3.514489630350841942e+00 3.205152756336320241e+00
3.514360741480499595e+00 3.206251378265645435e+00
3.514259834977863317e+00 3.207130764010806434e+00
3.514111683885646542e+00 3.208439540002415935e+00
3.513999134469291352e+00 3.209354190946226648e+00
3.513885633226447869e+00 3.210297377579353739e+00
3.513772666136829148e+00 3.210974951412633782e+00
3.513695629401647036e+00 3.211674132195516673e+00
3.513602620041609281e+00 3.212471866805002296e+00
3.513493052825858776e+00 3.213375907243708252e+00
3.513384099975421115e+00 3.214325366604406486e+00
3.513261566160409632e+00 3.215307543232315712e+00
3.513135923073387179e+00 3.216600487743007886e+00
3.513027928344680362e+00 3.217543830806012917e+00
3.512931058539341844e+00 3.218340903768419636e+00
3.512812433548433866e+00 3.219335553352476786e+00
3.512726070472303341e+00 3.219982492714132505e+00
3.512650477388475689e+00 3.220665259496800825e+00
3.512561076232275425e+00 3.221437703454137047e+00
3.512449769968443825e+00 3.222372580862054026e+00
3.512348149396186336e+00 3.223175354927972691e+00
3.512222032809596328e+00 3.224229372708088182e+00
3.512068160632504377e+00 3.225529380171227700e+00
3.511965946132135752e+00 3.226403381641393509e+00
3.511866194340373060e+00 3.227189110276611927e+00
3.511780377314723367e+00 3.227942214778800611e+00
3.511705091859694594e+00 3.228582944345219641e+00
3.511591115627036075e+00 3.229405909991073909e+00
3.511489412775788743e+00 3.230224611542026114e+00
3.511364270667296505e+00 3.231226300083445580e+00
3.511264932366386926e+00 3.232083564790273478e+00
3.511161911132612445e+00 3.232939874508607758e+00
3.511050730732428349e+00 3.233799778086344556e+00
3.510961924592739258e+00 3.234490291861866318e+00
3.510850986604439061e+00 3.235351286492601730e+00
3.510755869680836749e+00 3.236200450341373713e+00
3.510635156715087746e+00 3.237211461980906702e+00
3.510470478966146501e+00 3.238501154659201298e+00
3.510369981252972060e+00 3.239266422771778231e+00
3.510275255856912580e+00 3.240106659523408705e+00
3.510194313411315381e+00 3.240701510050226108e+00
3.510108910985747510e+00 3.241401736990110027e+00
3.510018454059127713e+00 3.242212708248217723e+00
3.509887558532496676e+00 3.243196071332724362e+00
3.509739225293342368e+00 3.244412626296988567e+00
3.509632976472806476e+00 3.245208531973402533e+00
3.509552876756400597e+00 3.245810285171462972e+00
3.509480402745955629e+00 3.246569399224023655e+00
3.509384933212297053e+00 3.247337952551267115e+00
3.509291332616886194e+00 3.248121946636622237e+00
3.509175892025858889e+00 3.249107633370725612e+00
3.509006523540021849e+00 3.250352535725125058e+00
3.508916989420807653e+00 3.251085337652630525e+00
3.508803766996032802e+00 3.251911832617535580e+00
3.508724905779371905e+00 3.252617550568268623e+00
3.508640087598410062e+00 3.253219039210727637e+00
3.508546067298531579e+00 3.253999324141769733e+00
3.508437089585459745e+00 3.254810036050483468e+00
3.508277791538070289e+00 3.256102451126908548e+00
3.508223577812672023e+00 3.256540588427371041e+00
3.508068965868358813e+00 3.257735849612205747e+00
3.507965333118475471e+00 3.258502576758241620e+00
3.507868501472662714e+00 3.259197501133858310e+00
3.507784969238018302e+00 3.259909681177884266e+00
3.507701367708537799e+00 3.260612654113131281e+00
3.507608452389913811e+00 3.261354842209200910e+00
3.507498898275118293e+00 3.262128744657176060e+00
3.507402478113295530e+00 3.262910034395818393e+00
3.507284398387190638e+00 3.263862291115344316e+00
3.507136337594094044e+00 3.265033531795525690e+00
3.507089094187369582e+00 3.265463398139838436e+00
3.506943135759813757e+00 3.266623457501773853e+00
3.506827910185695618e+00 3.267483124041496101e+00
3.506721460529881984e+00 3.268184784556415590e+00
3.506641275390446566e+00 3.268856009150035824e+00
3.506557302340653326e+00 3.269542007424309560e+00
3.506458316018306931e+00 3.270344295428422310e+00
3.506343501462028556e+00 3.271247267173587492e+00
3.506235052278394271e+00 3.271900386859381005e+00
3.506136518110828604e+00 3.272695565263059603e+00
3.506055806787687246e+00 3.273377995297019005e+00
3.505937713625846275e+00 3.274221634223701383e+00
3.505793257955069908e+00 3.275340683669963227e+00
3.505670049018659640e+00 3.276088319283841699e+00
3.505575048869193022e+00 3.276763431413263206e+00
3.505493271124070720e+00 3.277426108300380392e+00
3.505401541020700229e+00 3.278052162537617331e+00
3.505287719755063147e+00 3.278987921996425747e+00
3.505170658479655810e+00 3.279871743245058369e+00
3.505080058395043885e+00 3.280516023032311157e+00
3.504992330377379339e+00 3.281196582474174672e+00
3.504907204708574753e+00 3.281894443878772272e+00
3.504809789868392311e+00 3.282638186620994603e+00
3.504680410234986887e+00 3.283533847656858295e+00
3.504585905924667788e+00 3.284283021401626979e+00
3.504503285615763630e+00 3.284902015980856849e+00
3.504379781720057263e+00 3.285818579265050055e+00
3.504298349187466410e+00 3.286424914235906325e+00
3.504145730548360316e+00 3.287696484557470544e+00
3.504044692004597117e+00 3.288460341185133640e+00
3.503919314988369837e+00 3.289259607592766255e+00
3.503845540893841815e+00 3.289805421223980453e+00
3.503765789355978377e+00 3.290463413075822352e+00
3.503650472253148962e+00 3.291339933319489486e+00
3.503568609311507487e+00 3.291872626702305293e+00
3.503473223279453652e+00 3.292629746244947864e+00
3.503367687052452162e+00 3.293318636261945986e+00
3.503277485178223127e+00 3.294031330417682479e+00
3.503163423265883925e+00 3.294760261959982284e+00
3.502991895905599673e+00 3.296011181076976548e+00
3.502901844544628940e+00 3.296723169860777070e+00
3.502804348570175197e+00 3.297468513025502812e+00
3.502725088614318860e+00 3.297974134414262792e+00
3.502593967212518145e+00 3.298727822159587486e+00
3.502499168837611698e+00 3.299459378926818953e+00
3.502421299507511687e+00 3.300035944521206854e+00
3.502336455786998926e+00 3.300740538591270479e+00
3.502210087909341851e+00 3.301585506138103643e+00
3.502102220894952378e+00 3.302400636062293504e+00
3.501987562090632444e+00 3.303239189437788159e+00
3.501905263344115671e+00 3.303859175638526491e+00
3.501800613345877888e+00 3.304688241799901949e+00
3.501677128703457598e+00 3.305413901353153605e+00
3.501601108678502605e+00 3.306026302653072957e+00
3.501510250711556527e+00 3.306753811173625213e+00
3.501428056636989972e+00 3.307391807770018399e+00
3.501299264101679576e+00 3.308196427035581255e+00
3.501212589583594603e+00 3.308832438624907724e+00
3.501116142491909944e+00 3.309564190643690562e+00
3.501018162667860256e+00 3.310220169573395932e+00
3.500872100287886202e+00 3.311378241727904292e+00
3.500802537510512291e+00 3.311727473599942684e+00
3.500650977737921554e+00 3.312857542031547364e+00
3.500554299917078005e+00 3.313523561764315950e+00
3.500459270038837722e+00 3.314229512267290012e+00
3.500361007949992942e+00 3.314995351010271651e+00
3.500265642059968041e+00 3.315625633241964909e+00
3.500138935339771162e+00 3.316421878758036179e+00
3.500058083527572084e+00 3.317031033958196318e+00
3.499971642378417513e+00 3.317623815929840791e+00
3.499885985126390153e+00 3.318218521465578608e+00
3.499805112833037413e+00 3.318844903576676053e+00
3.499702588865197583e+00 3.319475415188050782e+00
3.499588753216955173e+00 3.320130261325531240e+00
3.499498097679242026e+00 3.320819308940796688e+00
3.499381584939018186e+00 3.321544760797270346e+00
3.499258533835701179e+00 3.322222952845673927e+00
3.499171384508065863e+00 3.323070396062473897e+00
3.499022677034067996e+00 3.324083948295855073e+00
3.498902168265770829e+00 3.324844884065417450e+00
3.498798401784064982e+00 3.325541821056734015e+00
3.498732283949808508e+00 3.326031802504966439e+00
3.498618127052396609e+00 3.326731320548171222e+00
3.498554990783634189e+00 3.327214972676354687e+00
3.498467264525639830e+00 3.327854187048163048e+00
3.498361669193661871e+00 3.328645324690240326e+00
3.498215428789767323e+00 3.329720085153877740e+00
3.498114024366539621e+00 3.330394365755340758e+00
3.498026185386958087e+00 3.331007108760646318e+00
3.497940047013606168e+00 3.331465470416638208e+00
3.497864427876532734e+00 3.331998394621295656e+00
3.497749354771211738e+00 3.332689756046018470e+00
3.497601727101705027e+00 3.333796385948835539e+00
3.497505310717611504e+00 3.334477948728858276e+00
3.497420660912240020e+00 3.335122244167982419e+00
3.497319837458312985e+00 3.335696843244998266e+00
3.497241521682155962e+00 3.336368660898123562e+00
3.497139113874356831e+00 3.337046271562607469e+00
3.497066834613955066e+00 3.337520685236469387e+00
3.496975126460369676e+00 3.338201201481254543e+00
3.496850739921745888e+00 3.338863362899561871e+00
3.496759176076118081e+00 3.339563726059633808e+00
3.496613809517020943e+00 3.340573566822391260e+00
3.496498530799821314e+00 3.341225996523648600e+00
3.496396792037026913e+00 3.341891411930554057e+00
3.496293566823836851e+00 3.342600968979438480e+00
3.496206801268662900e+00 3.343078951408587240e+00
3.496132396823070199e+00 3.343646697603923634e+00
3.496061598299019746e+00 3.344156336410660568e+00
3.495931373323763580e+00 3.344820937210841727e+00
3.495842473176706822e+00 3.345483513973543488e+00
3.495747357530714527e+00 3.346103121994425944e+00
3.495588899471271827e+00 3.347224296154691636e+00
3.495471293271093849e+00 3.347922106988668212e+00
3.495378198809511172e+00 3.348579896385489807e+00
3.495296866098597022e+00 3.349155176099305020e+00
3.495178584125043120e+00 3.349789272270603746e+00
3.495079712783907944e+00 3.350533215689324162e+00
3.494975735925892835e+00 3.351178560436522957e+00
3.494883851714687850e+00 3.351822555529692327e+00
3.494787111218813358e+00 3.352470168076433943e+00
3.494741695354858901e+00 3.352729826039102523e+00
3.494571283942864426e+00 3.353757993422419315e+00
3.494504913583500905e+00 3.354208274347688867e+00
3.494425515417321826e+00 3.354767910629596450e+00
3.494271191360324824e+00 3.355710265855500030e+00
3.494179220842745792e+00 3.356274123026387279e+00
3.494072075682759682e+00 3.356969930385399703e+00
3.493994776680815928e+00 3.357522265319152321e+00
3.493903437531771239e+00 3.358043406736832104e+00
3.493845453246398503e+00 3.358493924551217535e+00
3.493733830238102023e+00 3.359082839070183457e+00
3.493610164606762325e+00 3.359863661566325987e+00
3.493530447028826202e+00 3.360403481743751364e+00
3.493439616756972121e+00 3.360928424200798403e+00
3.493331345975709379e+00 3.361693233103455469e+00
3.493186987101838170e+00 3.362647100280067747e+00
3.493066161361360944e+00 3.363254341526852986e+00
3.492976305183640662e+00 3.363891147588610409e+00
3.492882034199007446e+00 3.364405508192112482e+00
3.492818808963673138e+00 3.364932780203951257e+00
3.492741735951470528e+00 3.365475362901336531e+00
3.492594444172582246e+00 3.366296548425335100e+00
3.492511067074507203e+00 3.366899851679006961e+00
3.492376139415779068e+00 3.367527123660865040e+00
3.492316457024099208e+00 3.368134837517899882e+00
3.492202431181737676e+00 3.368764505834922041e+00
3.492123337526377380e+00 3.369181021515121888e+00
3.492034243990746578e+00 3.369750507937118833e+00
3.491923217366629473e+00 3.370330974046233052e+00
3.491833840749907214e+00 3.370984280587878690e+00
3.491717694837784158e+00 3.371593843534004709e+00
3.491632002782757649e+00 3.372278006273514261e+00
3.491487616137615824e+00 3.373223074523092890e+00
3.491361093164567109e+00 3.373828676849541797e+00
3.491263098384425057e+00 3.374502295200734636e+00
3.491169213066038335e+00 3.375113904093501205e+00
3.491074923528212803e+00 3.375623749783324801e+00
3.490980645420495687e+00 3.376132841801247064e+00
3.490872288785592747e+00 3.376749048881739768e+00
3.490779098052536167e+00 3.377247806983219913e+00
3.490709192683352224e+00 3.377763070607091578e+00
3.490607414409525600e+00 3.378379116687578509e+00
3.490492826634376655e+00 3.378968045145081422e+00
3.490385717982113167e+00 3.379663151544752608e+00
3.490316681411679944e+00 3.380102381156641744e+00
3.490237223655651810e+00 3.380651545499590682e+00
3.490132524960122495e+00 3.381253327704041300e+00
3.490045663549587562e+00 3.381850954677610321e+00
3.489922939563153026e+00 3.382459786251885703e+00
3.489832994155091406e+00 3.383173687394032569e+00
3.489648223567054508e+00 3.384127998482647559e+00
3.489555055128080951e+00 3.384730049688943421e+00
3.489474900828634318e+00 3.385238467120254668e+00
3.489410688589551057e+00 3.385741734557214055e+00
3.489318150299951071e+00 3.386220311525135251e+00
3.489183167939294616e+00 3.386923944117957053e+00
3.489140348154871951e+00 3.387308981250622075e+00
3.489026380963275553e+00 3.387838550093834389e+00
3.488941548319855812e+00 3.388397694939627058e+00
3.488858435049117190e+00 3.388987255775707919e+00
3.488756060863494657e+00 3.389541168149967643e+00
3.488595971036992704e+00 3.390583734215182332e+00
3.488473203760505292e+00 3.391212006346589813e+00
3.488414540042732881e+00 3.391612388005031065e+00
3.488334068223524653e+00 3.392096563941147114e+00
3.488233623077977796e+00 3.392594271562315189e+00
3.488144340093484175e+00 3.393204983068848879e+00
3.488004194724307450e+00 3.394089821522735750e+00
3.487871024063506464e+00 3.394716545339113711e+00
3.487772021424679014e+00 3.395298183908475043e+00
3.487699248651901396e+00 3.395680742533498275e+00
3.487633052307474557e+00 3.396068508815831777e+00
3.487520381600807351e+00 3.396735709242090895e+00
3.487425804835270426e+00 3.397300311595940148e+00
3.487355123203996321e+00 3.397735429054094425e+00
3.487188418757462660e+00 3.398695545400955087e+00
3.487094200362961249e+00 3.399241400525784496e+00
3.487029539922035237e+00 3.399601327132519835e+00
3.486953645329331497e+00 3.400101707434045828e+00
3.486872356871357770e+00 3.400599781919225073e+00
3.486727325548359957e+00 3.401230014878773300e+00
3.486667669870556541e+00 3.401722615827194485e+00
3.486577867774403483e+00 3.402293303847760519e+00
3.486478562484872423e+00 3.402838481224939926e+00
3.486370876460032964e+00 3.403351960640415896e+00
3.486281316523192952e+00 3.403913526072416484e+00
3.486138131103525328e+00 3.404896269955267840e+00
3.486030536708907501e+00 3.405452955364554057e+00
3.485910036614780161e+00 3.406052437942262756e+00
3.485823778112345561e+00 3.406609632165702894e+00
3.485740929795659859e+00 3.407089014381249115e+00
3.485659098943841627e+00 3.407542387421218510e+00
3.485550924590229194e+00 3.407900166332325398e+00
3.485489126678811722e+00 3.408401134029531931e+00
3.485350380358397615e+00 3.409034051361202078e+00
3.485255717351313010e+00 3.409569793777373015e+00
3.485128039888989004e+00 3.410424800197927819e+00
3.485046661695017089e+00 3.410971259544675505e+00
3.484990818884373898e+00 3.411191713260201208e+00
3.484917857468061264e+00 3.411733300128900304e+00
3.484767228347216417e+00 3.412583173351307231e+00
3.484739684541906524e+00 3.412821575552083431e+00
3.484568020290458090e+00 3.413674835728611967e+00
3.484463133443887362e+00 3.414198888944211419e+00
3.484348944475858190e+00 3.414723075402935404e+00
3.484291459499441856e+00 3.415145773227408199e+00
3.484174551762358352e+00 3.415799935734571857e+00
3.484105083878598741e+00 3.416321443816625614e+00
3.484014114440616705e+00 3.416757585849190093e+00
3.483938546391245339e+00 3.417175065204468787e+00
3.483864627962954152e+00 3.417630704086027649e+00
3.483770592267322996e+00 3.418155969176448483e+00
3.483711481441508440e+00 3.418595611722310856e+00
3.483561346530152925e+00 3.419231281813233547e+00
3.483398193795422149e+00 3.420053906109055131e+00
3.483302551480022657e+00 3.420575258792074358e+00
3.483240105915011320e+00 3.421115104700493514e+00
3.483180226231071153e+00 3.421626792869796763e+00
3.483042026596787633e+00 3.422113218007967639e+00
3.482958563077274139e+00 3.422646623723983428e+00
3.482859322295529303e+00 3.423050252867941623e+00
3.482762232837076866e+00 3.423464386671654314e+00
3.482735335930083220e+00 3.423864763109039533e+00
3.482612247933967176e+00 3.424373523934061581e+00
3.482539198075743414e+00 3.424975033492849708e+00
3.482385712001672573e+00 3.425821294796589811e+00
3.482301798917074365e+00 3.426057512501957003e+00
3.482264966667156791e+00 3.426445100411051214e+00
3.482143972887310923e+00 3.426944795545438183e+00
3.482049916646059007e+00 3.427406840857970316e+00
3.481966256702793139e+00 3.428031637088233996e+00
3.481820366073821393e+00 3.428832140940205164e+00
3.481722121807428572e+00 3.429312393911769341e+00
3.481626544324507577e+00 3.429814567984728058e+00
3.481528093410957592e+00 3.430196556234205829e+00
3.481494220450906507e+00 3.430598643095338574e+00
3.481411116043398035e+00 3.430951151303981650e+00
3.481293335314460169e+00 3.431541259291452484e+00
3.481096802391030032e+00 3.432350641278134162e+00
3.481101620133721042e+00 3.432587889121696101e+00
3.481071663617430367e+00 3.433077024713654612e+00
3.480949583045366058e+00 3.433479199751783284e+00
3.480842653570765499e+00 3.433901639233229552e+00
3.480738662156668273e+00 3.434350050519966224e+00
3.480699054189580366e+00 3.434834046633579163e+00
3.480520590842236750e+00 3.435706892649732502e+00
3.480472664465167121e+00 3.436184649744997266e+00
3.480409052653073765e+00 3.436346754290206196e+00
3.480253022867139112e+00 3.437099643876012411e+00
3.480183428225381181e+00 3.437573852716457434e+00
3.480049944613279767e+00 3.438014852835771240e+00
3.480034676015278272e+00 3.438377829631229954e+00
3.479921593204702734e+00 3.438737080484667974e+00
3.479841463242673516e+00 3.439193317760413482e+00
3.479761737308936453e+00 3.439561805369025560e+00
3.479670533876785044e+00 3.440038572548338891e+00
3.479575000730277701e+00 3.440811739806952652e+00
3.479446818542209829e+00 3.441255247303923070e+00
3.479442857531335864e+00 3.441510225953176683e+00
3.479366870110150778e+00 3.441772622611869004e+00
3.479249955734636135e+00 3.442135967377493166e+00
3.479147660757134997e+00 3.442639008958794822e+00
3.479066480279801254e+00 3.443348755553647500e+00
3.479027246345738789e+00 3.443813954563438529e+00
3.478950505313743946e+00 3.444225849574729992e+00
3.478854460409723348e+00 3.444594861982452016e+00
3.478781516136033147e+00 3.444897397336088130e+00
3.478792157514002170e+00 3.444729358730177271e+00
