3.562551685784768996e+00 3.260696143030945127e+00
3.562387717204615445e+00 3.285965122412161765e+00
3.565333499179915044e+00 3.272132388669997116e+00
3.569100026259878877e+00 3.249999108805425863e+00
3.573427028088436597e+00 3.223792559588480877e+00
3.578526828945087335e+00 3.195600234304875720e+00
3.584349894508938039e+00 3.166062287566111522e+00
3.591329482417566776e+00 3.135348103105179085e+00
3.599869165092013379e+00 3.105108126713130634e+00
3.610976997830340540e+00 3.074772272167380027e+00
3.627109789090232184e+00 3.043718129080688062e+00
3.655540936410675013e+00 3.012726380308191843e+00
3.721860298772780684e+00 2.984022493361238482e+00
3.775476651316940213e+00 2.972656312750535434e+00
3.859710014713126913e+00 2.978855629609561184e+00
3.977963506665122662e+00 2.985083188003315069e+00
4.087664623105312423e+00 2.984395474582743013e+00
4.198114701017302330e+00 2.980749945642787946e+00
4.292576801459891733e+00 2.976089256940676275e+00
4.380972735351691405e+00 2.968064097550199065e+00
4.459759387829505428e+00 2.956096103363084371e+00
4.528284612818839427e+00 2.939976073080352137e+00
4.592624516875898344e+00 2.917866674803717419e+00
4.649075043912688443e+00 2.889963643847277552e+00
4.701890573428697984e+00 2.853061015869476691e+00
4.748376140142922530e+00 2.807291557231376355e+00
4.786375525564172229e+00 2.755738385738363050e+00
4.819883936911647737e+00 2.694271557764170932e+00
4.847356947177110520e+00 2.627475272301627918e+00
4.871742971364403374e+00 2.549873195790605340e+00
4.890233881096687441e+00 2.471104308291048657e+00
4.904741194898220691e+00 2.384179752432133537e+00
4.915467026525339733e+00 2.279621858364611064e+00
4.920709295917205850e+00 2.162453357937213383e+00
4.920180738390018682e+00 2.023764015070077527e+00
4.912595873279847147e+00 1.853758962695730483e+00
4.896782725241974887e+00 1.650004860828052422e+00
4.871712976585545363e+00 1.408501645910387623e+00
4.833929841556022566e+00 1.111558470092073980e+00
4.752638176663960934e+00 6.049381615781020960e-01
4.644016085812083361e+00 4.610926949544129350e-02
4.536570321745929668e+00 -4.598043776798456661e-01
4.460667002792607860e+00 -8.009153919647339359e-01
4.460622372695255855e+00 -8.011702923798994513e-01
4.460622207672965800e+00 -8.011710238706687415e-01
4.460621185800685673e+00 -8.011755534600544237e-01
4.460614858839235808e+00 -8.012035985456255061e-01
4.460575692146885984e+00 -8.013772086314348009e-01
4.460333474027200928e+00 -8.024508051816163778e-01
4.458843684524458340e+00 -8.090515438866974218e-01
4.450105206043080130e+00 -8.477076908145754208e-01
4.410604902652447201e+00 -1.021613711199056196e+00
